steps	episodes	elapsed	mean	median	stdev	max	min	length_mean	length_median	length_stdev	length_max	length_min	intero_error_mean	blue_eaten	red_eaten	average_value	average_entropy	average_value_loss	average_policy_loss	average_kl_loss	n_updates	explained_variance
3000000	421	4401.772038936615	-172.80448500071148	-175.613497265768	21.369775276547582	-129.13290209323497	-195.30070142602435	6856.3	6761.0	580.5162549164512	7750.0	5698.0	0.6555638038655822	0.2	0.6	-2.1204717	-1.0759656	0.3731192192435265	-0.00748153828229988	0.013759943898767233	1800	0.8024422028058458
6000000	753	9063.970157384872	-152.0767717871213	-139.6496071804618	37.577171929536576	-109.67730211802765	-209.51793112503216	13826.2	12580.5	4541.83119701979	20624.0	8926.0	0.5105370775167579	6.9	5.4	-1.2327827	-1.822157	0.852848128080368	-0.009257351637643296	0.012785601243376733	3600	0.5967195360293921
9000000	913	13740.033352851868	-128.5296802924317	-125.5714602374552	13.756047176745954	-107.34533545462376	-151.3334915541115	15365.3	12493.5	6583.6125350077455	27077.0	9185.0	0.48114990568402394	10.3	11.0	-0.53172183	-2.2183838	1.1953799068927764	-0.010261724098818377	0.013166005564853549	5400	0.3674561148057892
12000000	1036	18606.485554218292	-161.54416832985123	-163.17021456291397	25.874813505779787	-132.14889837622007	-221.53996709136638	33175.9	28246.5	16558.762570849845	54886.0	9987.0	0.49074064207475565	15.4	17.2	-0.77207965	-2.3325818	1.4992567920684814	-0.011343105828855187	0.013191906856372953	7200	0.41529440504456827
15000000	1153	23201.353984594345	-163.5890325832459	-125.60779819726991	111.59952718361943	-102.81969148584818	-474.3966929355808	21803.7	20945.0	11558.712029845232	41079.0	6936.0	0.5223691315518605	22.4	20.0	-0.35449144	-2.571837	1.0041942298412323	-0.011805049421382137	0.013695446057245136	9000	0.46246461908458947
18000000	1268	28420.75460624695	-189.41930754096572	-128.5387231113549	137.8157854476938	-72.54445739962686	-493.69519322548445	26860.0	21020.0	19998.638598109068	60000.0	6973.0	0.5102852067375584	17.9	15.2	-0.50676215	-2.752409	1.0212927013635635	-0.012022748340386897	0.013633279092609883	10800	0.46234464536886555
21000000	1328	33542.020696401596	-124.20976676022556	-122.69182163509419	10.28649110519289	-109.79371560659666	-145.06669724823917	26258.0	20645.5	17548.48575930255	60000.0	9517.0	0.44577171555703676	25.6	27.3	-0.5960924	-3.2291417	0.8561599040031433	-0.012417330374664743	0.013883877489715814	12600	0.5543793626380566
24000000	1376	38579.010018110275	-110.56772487613487	-122.75164339743603	40.020498376202205	-56.62343561795069	-155.16735580345178	48055.0	57853.0	17221.750698204614	60000.0	9736.0	0.40275622111110493	16.9	19.5	-0.68937063	-3.819512	0.5465038734674453	-0.012585941011202521	0.013766043903306126	14400	0.6396502782627485
27000000	1411	43473.98301386833	-84.55191467702623	-64.75031398596533	44.49256780715692	-41.96453854942008	-157.25004247624446	45302.8	60000.0	19540.41785519326	60000.0	11632.0	0.38708738404328497	17.5	16.5	0.32241955	-3.8389463	0.6799941748380661	-0.012328973214607686	0.013842299086973072	16200	0.5898330414915393
30000000	1446	48304.16495656967	-110.37192586767156	-119.96669703056327	46.52032669523591	-37.9817301376321	-185.2958172740059	42127.0	43522.0	18990.91156316621	60000.0	7364.0	0.354306655075398	20.9	19.6	-0.5969999	-4.1329374	0.73117078602314	-0.012524193881545216	0.012988361101597547	18000	0.4998442698777219
33000000	1477	52998.83403778076	-79.26593051561466	-63.226908958746876	43.801951307256054	-37.99883567316955	-149.91277615086867	45877.2	60000.0	20337.28254435407	60000.0	8698.0	0.34921189120818397	20.8	20.7	-0.21169586	-4.3968086	0.3859391638636589	-0.012161365509964526	0.01246756753884256	19800	0.6127075511031448
36000000	1505	57750.71768426895	-121.71512347883876	-73.27533001498117	138.46924410171468	-35.914947382586554	-495.4730317838013	47955.8	60000.0	18147.58858054945	60000.0	10648.0	0.3311629436355184	16.7	15.8	0.10356319	-4.5674853	0.398500542640686	-0.012145195610355587	0.012048730375245214	21600	0.7141369121030235
39000000	1518	62551.52310705185	-100.70829903091449	-100.09154681566565	63.7526097107334	-32.956925096236375	-210.3379397445374	49382.1	60000.0	17745.645183787736	60000.0	15969.0	0.3096376020353312	15.7	16.5	-0.19950758	-4.614232	0.333900708258152	-0.011889107855968178	0.011769533138722182	23400	0.7506888007758717
42000000	1538	67406.43003702164	-106.49144580649153	-98.8891124701483	75.74126305462792	-33.93585914801968	-243.34882664507217	49629.5	55587.5	12363.93524417781	60000.0	30647.0	0.329363602062137	15.6	14.9	-0.1957649	-4.8518896	0.21178942739963533	-0.01244036338524893	0.01215477792546153	25200	0.7351173578198715
45000000	1560	72187.2310397625	-93.52565204893604	-40.34531847950656	92.23055565837099	-36.02608076093559	-327.67509592743966	50877.9	60000.0	13279.818150110339	60000.0	23997.0	0.2664755744856083	13.9	12.6	0.5019026	-4.978169	0.2870579206943512	-0.011924211439909413	0.011143632978200913	27000	0.8391860289030231
48000000	1580	76999.33464431763	-47.42368426681334	-35.21170171987089	30.303687893484856	-32.52495764535827	-131.90421494274435	59583.1	60000.0	1318.3535565241973	60000.0	55831.0	0.2136063037376763	0.8	0.6	0.033803396	-5.1712794	0.22393433555960654	-0.011471998175984481	0.010889794630929827	28800	0.6854674611136818
51000000	1601	82032.50938487053	-96.72905236655585	-34.16965261075921	156.93838391905686	-31.5292305126105	-534.7895622000856	53396.0	60000.0	14422.209539456844	60000.0	18996.0	0.18460301889432137	7.3	7.0	0.9153868	-5.225255	0.13835075110197068	-0.011693638765718788	0.010025667939335108	30600	0.9505052944821512
54000000	1616	86921.97108912468	-45.3101091179982	-37.00642199971861	27.07073068941851	-32.09722654311104	-121.43819906879285	55336.6	60000.0	14746.96564042922	60000.0	13366.0	0.20710355598340344	6.9	6.9	-0.030631598	-5.3682785	0.21874310106039047	-0.010758509101578965	0.01052733264863491	32400	0.8717965319963895
57000000	1633	92087.72383213043	-73.21175891246476	-34.74221794847607	120.82728359051137	-32.565319266062204	-417.00758171741467	56505.2	60000.0	11051.527966756452	60000.0	25052.0	0.1879564613162432	2.0	2.1	-0.21587156	-5.411321	0.09571193650364876	-0.010304374137194827	0.009992664530873299	34200	0.7976945754953584
60000000	1641	97468.2223572731	-170.01150029339937	-83.54661332987354	173.79519296965333	-30.927379941682354	-471.73393698810645	45313.1	59890.5	19352.119754406463	60000.0	14432.0	0.25313167307270346	21.2	20.0	-0.2989526	-5.528504	0.10503446526825427	-0.010159708478604444	0.009525696369819344	36000	0.7785490297100772
63000000	1656	102541.11746096611	-122.95146509007624	-70.9076165314661	130.55258221472468	-27.101853491692964	-362.373605595878	48452.4	54132.5	16216.5042417354	60000.0	8828.0	0.23538807127600406	17.4	16.9	-0.337954	-5.522491	0.1411720860004425	-0.010015464510215679	0.009905119752511382	37800	0.7903177479661496
66000000	1670	107522.4988386631	-103.49266980728693	-36.22538412415824	133.82471170680776	-28.805067281012136	-465.08741049686415	48607.0	60000.0	16698.279152854844	60000.0	20448.0	0.20330905571101346	13.4	13.6	-1.013583	-5.6054573	0.09534032486379146	-0.009681632918145625	0.008985558170825242	39600	0.929868949624519
69000000	1685	112607.8689672947	-93.63190074501576	-37.60772650832073	118.67122829681672	-29.075771067706377	-400.22957695713893	48207.2	60000.0	20186.022324591064	60000.0	8420.0	0.25800455835395597	17.2	17.9	-0.12696631	-5.670142	0.06227451149374247	-0.008951391665214033	0.008894311059266328	41400	0.8286429594033489
72000000	1698	117461.33693265915	-72.65539353869192	-33.53823553323109	100.38277344435417	-27.771621806847744	-344.3529401721531	57733.1	60000.0	5195.682234103408	60000.0	44341.0	0.14771146157440762	3.3	3.5	-0.06467537	-5.5633917	0.08413160622119903	-0.00868793853878742	0.008161934814415872	43200	0.8627282129293772
75000000	1709	122475.51383757591	-107.86885646946942	-33.8990768250205	143.41763641129702	-28.253917020034773	-451.23649193094053	50956.8	60000.0	14978.536242088396	60000.0	24260.0	0.18841960745734387	13.5	13.2	-0.25835258	-5.726713	0.054409516379237174	-0.007912560546828899	0.007485990053974092	45000	0.9550097807393233
78000000	1712	127531.55589032173	-65.28441107602131	-30.9796178344448	103.46516694607014	-27.400081390099224	-359.26197320953463	59237.7	60000.0	2410.6042603463557	60000.0	52377.0	0.14546099301261753	1.1	1.3	0.0057198335	-5.7399025	0.12321835689246655	-0.006944366415700643	0.007363485018722713	46800	0.789241575624031
81000000	1717	132462.86012506485	-51.090074060018665	-29.3234942259124	68.11554748906389	-25.38800388755895	-244.74086637705534	57504.5	60000.0	7891.463900950191	60000.0	35045.0	0.12446675973432478	3.6	3.7	-0.06772165	-5.751852	0.07679402105510234	-0.006649273946823087	0.007110687796957791	48600	0.8408222124167275
84000000	1729	137477.46015691757	-60.97881164815832	-33.13683887647831	87.19155304319199	-28.225620856512304	-308.81229050172516	56560.3	60000.0	10877.286467681175	60000.0	25603.0	0.15039757735255088	5.2	5.0	-0.1322934	-5.8300705	0.09821221485733986	-0.0054667408266686835	0.0060894616832956674	50400	0.7876781516159641
87000000	1735	142393.96431469917	-42.203561918017435	-31.312931844424355	33.74211164957332	-28.44328454918058	-138.05909429883158	60000.0	60000.0	0.0	60000.0	60000.0	0.1353751489810408	0.0	0.0	-0.1393479	-5.844	0.15192201763391494	-0.003980132832512026	0.00541900176089257	52200	0.7961334511510806
90000000	1742	147328.27021455765	-30.604220933807873	-30.107443493606297	1.7084178905160172	-28.895169572056798	-34.71305910770744	60000.0	60000.0	0.0	60000.0	60000.0	0.1433466208745506	0.0	0.0	-0.22271413	-5.754254	0.05242111392319202	-0.002560722053858626	0.0039725984982214866	54000	0.9474640495697988
