steps	episodes	elapsed	mean	median	stdev	max	min	length_mean	length_median	length_stdev	length_max	length_min	intero_error_mean	blue_eaten	red_eaten	average_value	average_entropy	average_value_loss	average_policy_loss	average_kl_loss	n_updates	explained_variance
3000000	417	2431.0835020542145	-172.045059520685	-172.47804384666244	20.858218324607474	-133.65318119923512	-198.6256267109822	7563.3	7535.5	1324.2352132457436	10558.0	5763.0	0.6759243478370056	1.4	0.9	-1.8828454	-1.0688508	0.3943850657343864	-0.0073923858761554585	0.01480078580789268	1800	0.7893063732961448
6000000	724	5658.852370738983	-161.4336636137941	-167.70882143060948	27.84577972742123	-115.3354760091316	-196.97659586532822	16700.0	16567.5	4146.650241125025	22764.0	10317.0	0.5446532248308198	6.3	4.2	-1.3312987	-1.6774485	1.0862483739852906	-0.009863308575004339	0.013553691608831287	3600	0.5282052474086056
9000000	799	10126.203563213348	-129.73829981840592	-132.38275955464604	45.222505299506594	-50.75032319193882	-195.94816120350544	35496.8	33322.0	18104.63464174605	60000.0	14542.0	0.45501565098908153	30.8	28.1	-0.15206197	-2.2245874	1.6344115591049195	-0.010756537874694914	0.013898290172219276	5400	0.27586572116123986
12000000	819	14574.897801399231	-62.27894999469381	-48.77330791041199	36.84921604628241	-44.859608083348945	-165.01052157096203	59538.3	60000.0	1460.0235956997408	60000.0	55383.0	0.2807604314711245	0.8	0.4	-0.08885002	-2.6445384	0.2996229895949364	-0.011452456787228584	0.01332706124521792	7200	0.36402369058179795
15000000	819	21334.725876808167	-85.24583908001026	-46.55821666778806	121.18201404543649	-41.27378960671641	-429.79250699198855	58846.3	60000.0	3648.3197365362594	60000.0	48463.0	0.1657346860276075	1.8	2.0	0.06689995	-3.135254	0.11101685211062431	-0.011883532367646695	0.012995066745206714	9000	0.49718447668669463
18000000	819	34228.66080713272	-84.8991045409938	-42.66416507678731	133.21087038649904	-40.699049601194844	-463.9883036973572	58640.9	60000.0	4297.851567934845	60000.0	46409.0	0.11350426085229193	1.5	2.3	-0.15351564	-3.2593782	0.047045199982821945	-0.011892022621759679	0.01385552722029388	10800	0.5214560171123629
21000000	819	49725.4242079258	-37.56837423499595	-37.37183066241665	1.8617012556142225	-34.49401294682666	-39.7828439861078	60000.0	60000.0	0.0	60000.0	60000.0	0.07179338214914109	0.0	0.0	-0.08438403	-3.7629647	0.017482011802494524	-0.011973589400295168	0.013089940268546343	12600	0.6690412971310065
24000000	819	64068.449499607086	-35.215964329630665	-34.66226623239742	1.5914866872690516	-33.33784424254219	-38.385554824473616	60000.0	60000.0	0.0	60000.0	60000.0	0.053391902285255456	0.0	0.0	-0.15394348	-4.0516305	0.006818209327757358	-0.011841369924222817	0.012987330686300994	14400	0.7647796117557945
27000000	819	78464.64689421654	-31.4909013342818	-31.606632510988337	1.1886032269980646	-29.782378974366207	-34.07673436615397	60000.0	60000.0	0.0	60000.0	60000.0	0.04843035124940106	0.0	0.0	-0.07151496	-4.3816986	0.004471407881937921	-0.011569947055540979	0.012814692975953222	16200	0.7714124524714477
30000000	820	91089.39837312698	-75.837065851535	-29.97912867593797	145.03380859862006	-28.51029802232572	-488.60518929798104	56022.9	60000.0	12576.694482255662	60000.0	20229.0	0.06494899609236664	6.7	5.1	-0.07633275	-4.8495245	0.002517156475223601	-0.011607439492363482	0.012207725271582603	18000	0.8071246889091546
33000000	822	100159.11114168167	-26.877712491768087	-26.967049829477673	0.9441375293382323	-25.526913688191602	-28.3299799696741	60000.0	60000.0	0.0	60000.0	60000.0	0.041580259917984516	0.0	0.0	-0.053504173	-5.0316916	0.002420788714662194	-0.009444640974979848	0.00881877364590764	19800	0.8586241241426207
36000000	823	106304.38580465317	-42.534950069917436	-24.94358522475391	54.4931805565407	-23.816357072914872	-197.58365820102625	54565.5	60000.0	17185.397944185057	60000.0	5655.0	0.11699778849196267	7.1	9.1	0.011206652	-5.2396417	0.001668250160291791	-0.010692708161659539	0.010878497157245875	21600	0.8224268661444432
39000000	823	112708.98471283913	-23.70945830047027	-23.83909348813149	0.46970552158814766	-22.77857795290938	-24.181770619086954	60000.0	60000.0	0.0	60000.0	60000.0	0.040551261194580114	0.0	0.0	-0.06338416	-5.496242	0.0015368164354003966	-0.011301273251883686	0.011008254764601589	23400	0.835263079356602
42000000	823	118001.22299265862	-22.40713402370224	-22.45851312129969	1.2764283396394176	-20.52030744511335	-24.18403075835442	60000.0	60000.0	0.0	60000.0	60000.0	0.03987304430260909	0.0	0.0	-0.058533534	-5.700292	0.0011038652964634821	-0.010603367071744287	0.009330663848668336	25200	0.8468903930315845
45000000	823	123611.15367436409	-39.96124259710037	-22.40039494203436	56.40484029892421	-20.49157321527082	-200.4764276613516	54602.4	60000.0	17068.709898524845	60000.0	6024.0	0.10969703032022186	6.8	7.5	-0.06419533	-6.0171366	0.0010887715325225145	-0.010982250203378499	0.008692197729833423	27000	0.8603220831907926
48000000	824	129072.6493666172	-36.59935916232331	-20.890149180671035	50.01290029216691	-19.374145502636683	-178.9104694562229	54564.3	60000.0	17189.192677377257	60000.0	5643.0	0.10852643946390532	10.1	6.0	-0.025526686	-6.0456505	0.0008265681902412326	-0.011448258480650111	0.009935437878593802	28800	0.8526245273346911
51000000	827	134198.1066737175	-55.388757807735146	-20.707052271615495	74.53829202118473	-18.37581090785746	-197.55140677022493	49189.1	60000.0	22791.984129172353	60000.0	5593.0	0.18404379153158584	14.1	14.9	-0.038479857	-6.298457	0.0015775594813749194	-0.008370875626133057	0.007237583748064935	30600	0.9645845535865059
54000000	827	139392.67362618446	-52.84762695169339	-20.53203665494934	69.94501799193618	-16.532380567590547	-185.7794742265468	49130.4	60000.0	22915.132914493184	60000.0	5623.0	0.18488773941469674	16.3	14.3	-0.031154579	-6.392368	0.0010884815058670937	-0.010632658975664526	0.009867607336491346	32400	0.8448169105191821
57000000	828	144553.25864458084	-37.8614979824775	-20.17493786952636	58.15871831384784	-17.262327533398572	-203.34459787454765	54593.7	60000.0	17096.221714168307	60000.0	5937.0	0.11234005108721619	6.7	9.4	-0.048869397	-6.2491226	0.0011466499516973273	-0.009736243432271294	0.009169436190277339	34200	0.840560879408436
60000000	831	149862.608648777	-52.75093947275905	-18.951887391787658	72.30815787300588	-17.135225497740986	-191.236047931968	49202.5	60000.0	22763.69460957025	60000.0	5672.0	0.17678078370975633	18.9	13.2	-0.056726575	-6.6270666	0.0007207739353179932	-0.010995895027881487	0.008316123122349382	36000	0.8753771907050775
63000000	831	155365.4497230053	-54.32970134793989	-17.87090869494928	77.2264832246481	-16.453526351485912	-202.16254203893115	49146.2	60000.0	22881.9093259282	60000.0	5595.0	0.18881961955293783	14.8	17.6	-0.036750883	-6.696041	0.0008838856255169958	-0.010869911738991505	0.008708529290743172	37800	0.8675318301857082
66000000	831	160819.3677918911	-17.53215999757377	-17.74453735098642	1.532603309964777	-14.546041235556935	-19.890430820626303	60000.0	60000.0	0.0	60000.0	60000.0	0.038501017521637974	0.0	0.0	-0.047122013	-6.790854	0.0009186711098300293	-0.00974530091683846	0.009427457638084889	39600	0.8617606122018112
69000000	831	166253.79088282585	-53.76546446504188	-17.81438156942746	76.12530228553227	-16.544661654165104	-204.59778930015796	49265.9	60000.0	22632.36938767128	60000.0	5561.0	0.17999790917232522	16.4	15.7	-0.035545312	-6.8801417	0.0006772449502022937	-0.010450033701490611	0.007601128024980426	41400	0.877069359074993
72000000	833	171682.14740633965	-17.364427462133445	-17.273260144522148	0.9395601577198911	-15.69059686497336	-18.936948737641973	60000.0	60000.0	0.0	60000.0	60000.0	0.03786248556698832	0.0	0.0	-0.033741165	-7.1615405	0.0007873733009910211	-0.009705309190321714	0.009392944294959307	43200	0.86266468324192
75000000	833	177135.32876992226	-35.00221700967397	-16.602193490086798	58.985630880041995	-13.948023143322775	-202.8489702682339	54622.9	60000.0	17003.883206491395	60000.0	6229.0	0.11109548053563809	9.0	7.0	-0.0058276136	-7.043452	0.000808483575237915	-0.009188466179475654	0.00959358868189156	45000	0.8667714197917824
78000000	834	182649.82369422913	-34.04611563284876	-16.19695791861718	57.95676500845198	-13.274352220472133	-198.95201112205342	54577.7	60000.0	17146.818156731002	60000.0	5777.0	0.11154586003781657	9.2	7.2	-0.047888663	-7.1807227	0.0007833282649517059	-0.006950033927423647	0.0066037439741194245	46800	0.9956772452574429
81000000	834	188174.80370020866	-15.996594382965899	-16.253324498522154	1.1752056420478603	-13.679132697504416	-17.933120719806592	60000.0	60000.0	0.0	60000.0	60000.0	0.0380233666613782	0.0	0.0	-0.035168435	-7.2520175	0.0010068256338126957	-0.009877516743727029	0.009092991575598716	48600	0.8430728872447462
84000000	834	193651.59585690498	-33.837469442570914	-16.072769300272135	56.41643259650138	-14.241553739278213	-194.36930080388436	54558.7	60000.0	17206.9014322742	60000.0	5587.0	0.11227016974071555	8.4	6.0	-0.036352728	-7.296979	0.0002886296267388389	-0.009939579532947392	0.00915532578714192	50400	0.9262925663003713
87000000	834	199027.67311763763	-50.00273583701242	-16.24546789306735	72.05101770790152	-14.61868299704006	-203.3859866364773	49130.5	60000.0	22914.920055864623	60000.0	5632.0	0.18062993473773115	17.0	15.3	-0.008210985	-7.3518825	0.0006027707041357644	-0.009189404700882732	0.007178438059054315	52200	0.8773205225922366
90000000	834	204264.76600527763	-34.289035701298864	-16.354445790348475	57.39650404285952	-14.81841166168801	-197.6325921231222	54599.7	60000.0	17077.248048207297	60000.0	5997.0	0.11019571990993571	7.6	8.5	-0.03359937	-7.3696475	0.0007758675268269144	-0.008125388899061363	0.008743491433560848	54000	0.8739945582970282
93000000	834	209456.0076584816	-32.752412814240586	-15.335992273029987	55.01845292164859	-13.187404867396605	-189.28137911232494	54556.7	60000.0	17213.22598759454	60000.0	5567.0	0.11053673754461808	6.6	9.7	-0.029054418	-7.491832	0.0007371530463569797	-0.007532898462377488	0.007535904282703996	55800	0.8724662929791299
96000000	834	214783.99250531197	-28.706153602991886	-15.25924173702974	42.861387575113895	-13.730454003323494	-150.6564861171732	54570.1	60000.0	17170.851466948283	60000.0	5701.0	0.10331732143708776	8.5	7.8	-0.045162305	-7.499124	0.0004565344567527063	-0.006893553272384452	0.008130477904342116	57600	0.9023425500569012
99000000	834	220358.14683055878	-14.739217411496025	-14.641718056392655	1.2089615552432502	-12.573192353272601	-16.39768704107015	60000.0	60000.0	0.0	60000.0	60000.0	0.03664539877025157	0.0	0.0	-0.036737822	-7.4950514	0.0011111665872158482	-0.007544743615335392	0.009005926223471761	59400	0.8538288075112928
102000000	834	226058.14616703987	-47.591017620069536	-14.495747165893361	71.24146351489937	-12.641971035370265	-199.3862679943349	49221.0	60000.0	22724.475835539088	60000.0	5838.0	0.1819052179045404	17.0	13.3	-0.0005808568	-7.5349703	0.0005923229519976303	-0.008150765041355043	0.007750246780924499	61200	0.8815534767613983
105000000	834	231910.7229540348	-14.843839920743637	-14.966515372677337	1.4358534940180263	-11.991417488400868	-16.976413189488742	60000.0	60000.0	0.0	60000.0	60000.0	0.03690609171401604	0.0	0.0	-0.03509226	-7.6562204	0.0009682928828988225	-0.008540453367168084	0.009317734511569142	63000	0.8522965562310945
108000000	834	237792.54341125488	-14.297681845048055	-14.494962852567962	1.3784395022850187	-12.385306882897842	-16.455478829933718	60000.0	60000.0	0.0	60000.0	60000.0	0.03600545554069744	0.0	0.0	-0.038331334	-7.7246923	0.0007305998273659498	-0.008752875960199162	0.008469515540637075	64800	0.8701107007658911
111000000	834	243740.51804947853	-14.619490408206783	-14.811375428893271	1.7330742746195011	-11.612975509050495	-17.20069634064839	60000.0	60000.0	0.0	60000.0	60000.0	0.038154132371862534	0.0	0.0	-0.031313237	-7.673166	0.0005930247699143365	-0.007770214140255121	0.007610518978908658	66600	0.8785005826357843
114000000	834	249548.76803660393	-45.991402945942916	-14.287277495411544	68.45442651977325	-11.51893668047845	-187.82849342608912	49139.8	60000.0	22895.312207232873	60000.0	5691.0	0.17584589143096502	17.9	14.6	-0.03723426	-7.786919	0.0004425562292453833	-0.00763853338205081	0.0067289066407829525	68400	0.9015549786059113
117000000	834	254939.52306342125	-14.370323347788455	-14.460889787625467	1.2413932619459203	-11.827158391103017	-15.77614038846761	60000.0	60000.0	0.0	60000.0	60000.0	0.0373368523548143	0.0	0.0	-0.027066367	-7.7342987	0.0006400370897608809	-0.007537821584846825	0.007020732127130031	70200	0.8747369839375803
120000000	834	260751.9224500656	-48.90730766315574	-14.744395534511956	73.29165567888397	-13.060454261185596	-202.09392563230315	49230.8	60000.0	22703.49385153454	60000.0	6080.0	0.17629861706142042	16.6	15.9	-0.03765177	-7.8176355	0.0004002146489801817	-0.007588718666229397	0.006399148912169039	72000	0.9096028144058664
123000000	834	266474.38570284843	-29.697607998152353	-14.707936858152815	48.05534790169056	-12.108570056092129	-166.40602464856676	54688.8	60000.0	16795.489108686295	60000.0	6888.0	0.10208007724838526	7.8	7.9	-0.040266737	-7.6644316	0.0005544569590711035	-0.00729734731343342	0.006479391017928719	73800	0.8891061944911318
126000000	834	271853.6750679016	-50.810075769327284	-14.844769405477027	77.6956845644732	-10.328044498404957	-205.85135055494072	49246.3	60000.0	22671.25360475488	60000.0	5924.0	0.18050002864910422	17.1	15.1	-0.028202293	-7.8401346	0.000497362517635338	-0.005991338264284423	0.008178255828097463	75600	0.9008504736830374
129000000	834	277144.5808458328	-48.734509386168874	-14.133695056704035	74.23507599402747	-11.743481795995319	-200.42595791470697	49136.7	60000.0	22901.847300794074	60000.0	5681.0	0.18071228177064752	17.0	15.4	-0.034337647	-7.9008527	0.0005515567239490338	-0.006512552274461996	0.004815967921167612	77400	0.8874190777038146
132000000	834	282444.8966398239	-32.353518152165	-14.39030385447348	58.88528850840884	-9.848153689980968	-199.88125439335127	54591.8	60000.0	17102.23004172263	60000.0	5918.0	0.10832264425234758	6.5	8.0	-0.031836253	-7.8348393	0.0006567124559660443	-0.005760712406845414	0.0072199366800487046	79200	0.8766748671396336
135000000	834	287604.33840346336	-49.1764325759794	-14.72171621679302	74.33007697435329	-12.252567180374257	-202.72602037943392	49153.8	60000.0	22865.88586519228	60000.0	5634.0	0.17946998311680293	16.2	12.7	-0.025466511	-7.7105927	0.0004979978853953071	-0.0059773075187695215	0.005253969957120717	81000	0.8902267268462841
138000000	834	292913.2523033619	-31.386535934460387	-13.949275437728385	56.64315555767105	-12.06728193247624	-192.57312208271446	54585.0	60000.0	17123.733529811772	60000.0	5850.0	0.10955973691600326	7.3	7.4	-0.039326407	-7.900669	0.0004931225915788673	-0.004766380639957788	0.005464864610694349	82800	0.901615044518795
141000000	834	298423.2503414154	-63.229371231356545	-14.074632854872789	80.09319034445099	-12.37297949486535	-183.7523712930273	43802.0	60000.0	26081.788929783514	60000.0	5614.0	0.2530901144034844	21.7	26.9	-0.036732394	-7.8795624	0.00042122609534999355	-0.004429499608959304	0.006739627257920802	84600	0.9012286540739063
144000000	834	304066.17098355293	-14.508344961118326	-14.804060452305539	1.084906702517101	-12.004299786700242	-15.588033508998054	60000.0	60000.0	0.0	60000.0	60000.0	0.03686831947335055	0.0	0.0	-0.039429322	-7.9152646	0.0004772683058399707	-0.0041802196481148714	0.0059418890113011	86400	0.8918426507261027
147000000	834	309776.43478512764	-50.32349452364785	-13.777947724325355	77.42604137003521	-12.348386856319244	-206.57442017079038	49239.5	60000.0	22685.971412845527	60000.0	5782.0	0.18039400201657735	14.2	16.2	-0.03378208	-7.9416637	0.0006086216174298897	-0.0034357066934899193	0.004205053786281496	88200	0.8847876164482474
150000000	834	315535.1591053009	-28.825465124809316	-13.241976496101847	49.43053390099362	-12.345899113824307	-169.5005076541465	54562.6	60000.0	17194.568549399548	60000.0	5626.0	0.10993738387621063	7.7	8.6	-0.033914942	-7.9626846	0.00040895046171499414	-0.0025906947871681043	0.004032947041559964	90000	0.9042387558139768
